
355630
358309
358322
358694
360238
360269
360665
360680
360685
360746
360975
361749
361765
361853
362018
362130
362162
362307
362330
362334
362584
362616
362681
363351
363622
363659
363704
363817
364107
364281
365024
365088
365338
365392
365523
365943
366088
366145
366479
366533
366670
367089
367323
367341
367970
368707
369003
369194
369442
369714
369787
370101
370198
370246
370345
370398
370475
370495
370517
370625
370745
371058
371067
371078
371088
371245
371740
371928
372634
372648
372739
372821
372942
373223
373255
373427
373521
373594
373647
373781
374000
374077
374784
374975
